   1015.10     295.99      16.77
   312.50000     297.46634     16.19411      0.00000     0.00000
   937.50000     299.40613     11.74865      0.00000     0.00000
   1562.50000     301.90182      9.84965      0.00000     0.00000
   2187.50000     304.60864      8.68491      0.00000     0.00000
   2812.50000     307.11490      7.37755      0.00000     0.00000
   3437.50000     309.59634      6.24249      0.00000     0.00000
   4062.50000     312.39438      5.27081      0.00000     0.00000
   4687.50000     315.30234      4.20180      0.00000     0.00000
   5312.50000     318.04044      3.20982      0.00000     0.00000
   5937.50000     320.77969      2.40554      0.00000     0.00000
   6562.50000     323.35971      1.74572      0.00000     0.00000
   7187.50000     325.53540      1.21486      0.00000     0.00000
   7812.50000     327.46600      0.83103      0.00000     0.00000
   8437.50000     329.08600      0.55847      0.00000     0.00000
   9062.50000     330.36108      0.36202      0.00000     0.00000
   9687.50000     331.43292      0.21495      0.00000     0.00000
   10312.50000     332.23734      0.12449      0.00000     0.00000
   10937.50000     332.91302      0.06993      0.00000     0.00000
   11562.50000     333.47409      0.03788      0.00000     0.00000
   12187.50000     334.05981      0.02020      0.00000     0.00000
   12812.50000     334.76288      0.01072      0.00000     0.00000
   13437.50000     337.06940      0.00619      0.00000     0.00000
   14062.50000     342.37787      0.00435      0.00000     0.00000
   14687.50000     350.63086      0.00384      0.00000     0.00000
   15312.50000     360.82742      0.00397      0.00000     0.00000
   15937.50000     372.81958      0.00460      0.00000     0.00000
   16562.50000     386.20511      0.00525      0.00000     0.00000
   17187.50000     398.97083      0.00506      0.00000     0.00000
   17812.50000     411.36874      0.00388      0.00000     0.00000
   18437.50000     423.74942      0.00225      0.00000     0.00000
   19062.50000     436.39352      0.00088      0.00000     0.00000
   19687.50000     449.48895      0.00020      0.00000     0.00000
   20312.50000     463.11163      0.00020      0.00000     0.00000
   20937.50000     477.37170      0.00042      0.00000     0.00000
   21562.50000     492.11734      0.00045      0.00000     0.00000
   22187.50000     507.32187      0.00018      0.00000     0.00000
   22812.50000     522.98468      0.00002      0.00000     0.00000
   23437.50000     539.12860      0.00085      0.00000     0.00000
   24062.50000     555.75293      0.00457      0.00000     0.00000
   40000.00000    1064.6500       0.00000      0.00000     0.00000
