   1015.10     295.99      16.77
   312.50000     297.59476     15.66282      0.00000     0.00000
   937.50000     300.80389     13.45312      0.00000     0.00000
   1562.50000     304.01300     11.24343      0.00000     0.00000
   2187.50000     307.14708      9.18622      0.00000     0.00000
   2812.50000     310.20613      7.28149      0.00000     0.00000
   3437.50000     313.47015      5.62922      0.00000     0.00000
   4062.50000     316.93914      4.22941      0.00000     0.00000
   4687.50000     319.81060      3.30204      0.00000     0.00000
   5312.50000     322.08455      2.84710      0.00000     0.00000
   5937.50000     324.77595      2.22719      0.00000     0.00000
   6562.50000     327.88481      1.44230      0.00000     0.00000
   7187.50000     330.66365      0.90987      0.00000     0.00000
   7812.50000     333.11246      0.62991      0.00000     0.00000
   8437.50000     335.54588      0.08350      0.00000     0.00000
   9062.50000     343.90951      0.09104      0.00000     0.00000
   9687.50000     352.65017      0.09944      0.00000     0.00000
   10312.50000     361.79887      0.10881      0.00000     0.00000
   10937.50000     371.38826      0.11930      0.00000     0.00000
   11562.50000     381.45283      0.13106      0.00000     0.00000
   12187.50000     392.02878      0.14431      0.00000     0.00000
   12812.50000     403.15410      0.15925      0.00000     0.00000
   13437.50000     414.85408      0.17614      0.00000     0.00000
   14062.50000     427.13789      0.19522      0.00000     0.00000
   14687.50000     440.00031      0.21676      0.00000     0.00000
   15312.50000     453.41958      0.24101      0.00000     0.00000
   15937.50000     467.35731      0.26821      0.00000     0.00000
   16562.50000     481.75812      0.29860      0.00000     0.00000
   17187.50000     496.56505      0.33237      0.00000     0.00000
   17812.50000     511.72158      0.36974      0.00000     0.00000
   18437.50000     527.19861      0.41097      0.00000     0.00000
   19062.50000     542.99495      0.45642      0.00000     0.00000
   19687.50000     559.10681      0.50647      0.00000     0.00000
   20312.50000     578.42967      0.57168      0.00000     0.00000
   20937.50000     593.63195      0.62719      0.00000     0.00000
   21562.50000     609.23378      0.68820      0.00000     0.00000
   22187.50000     625.24566      0.75528      0.00000     0.00000
   22812.50000     641.67836      0.82908      0.00000     0.00000
   23437.50000     658.54294      0.91029      0.00000     0.00000
   24062.50000     675.85076      0.99970      0.00000     0.00000
   24687.50000     693.61346      1.09820      0.00000     0.00000
   25312.50000     711.84300      1.20677      0.00000     0.00000
   25937.50000     730.55165      1.32652      0.00000     0.00000
   26562.50000     749.75200      1.45868      0.00000     0.00000
   27187.50000     769.45698      1.60466      0.00000     0.00000
   27812.50000     789.67984      1.76605      0.00000     0.00000
   28437.50000     810.43420      1.94463      0.00000     0.00000
   29062.50000     831.73402      2.14245      0.00000     0.00000
   29687.50000     853.59365      2.36182      0.00000     0.00000
