   1015.10     295.99      16.77
   312.50000     297.59476     15.66282      0.00000     0.00000
   937.50000     300.80389     13.45312      0.00000     0.00000
   1562.50000     304.01300     11.24343      0.00000     0.00000
   2187.50000     307.14708      9.18622      0.00000     0.00000
   2812.50000     310.20613      7.28149      0.00000     0.00000
   3437.50000     313.47015      5.62922      0.00000     0.00000
   4062.50000     316.93914      4.22941      0.00000     0.00000
   4687.50000     319.81060      3.30204      0.00000     0.00000
   5312.50000     322.08455      2.84710      0.00000     0.00000
   5937.50000     324.77595      2.22719      0.00000     0.00000
   6562.50000     327.88481      1.44230      0.00000     0.00000
   7187.50000     330.66365      0.90987      0.00000     0.00000
   7812.50000     333.11246      0.62991      0.00000     0.00000
   8437.50000     335.34874      0.38995      0.00000     0.00000
   9062.50000     337.37250      0.18997      0.00000     0.00000
   9687.50000     339.20124      0.10249      0.00000     0.00000
   10312.50000     340.83494      0.12748      0.00000     0.00000
   10937.50000     342.41861      0.11748      0.00000     0.00000
   11562.50000     343.95224      0.07249      0.00000     0.00000
   12187.50000     345.54583      0.04999      0.00000     0.00000
   12812.50000     348.90155      0.05699      0.00000     0.00000
   13437.50000     352.38940      0.04870      0.00000     0.00000
   14062.50000     355.98943      0.02423      0.00000     0.00000
   14687.50000     359.66934      0.00818      0.00000     0.00000
   15312.50000     363.38394      0.00257      0.00000     0.00000
   15937.50000     367.07634      0.00049      0.00000     0.00000
   16562.50000     370.67903      0.00029      0.00000     0.00000
   17187.50000     374.12688      0.00017      0.00000     0.00000
   17812.50000     377.35872      0.00009      0.00000     0.00000
   18437.50000     380.33676      0.00005      0.00000     0.00000
   19062.50000     383.04479      0.00003      0.00000     0.00000
   19687.50000     385.46487      0.00001      0.00000     0.00000
   20312.50000     389.53175      0.00001      0.00000     0.00000
   20937.50000     390.27131      0.00000      0.00000     0.00000
   21562.50000     390.78067      0.00000      0.00000     0.00000
   22187.50000     391.04724      0.00000      0.00000     0.00000
   22812.50000     391.05788      0.00000      0.00000     0.00000
   23437.50000     395.12576      0.00000      0.00000     0.00000
   24062.50000     405.51045      0.00000      0.00000     0.00000
   24687.50000     416.16808      0.00000      0.00000     0.00000
   25312.50000     427.10580      0.00000      0.00000     0.00000
   25937.50000     438.33099      0.00000      0.00000     0.00000
   26562.50000     449.85120      0.00000      0.00000     0.00000
   27187.50000     461.67419      0.00000      0.00000     0.00000
   27812.50000     473.80790      0.00000      0.00000     0.00000
   28437.50000     486.26052      0.00000      0.00000     0.00000
   29062.50000     499.04041      0.00000      0.00000     0.00000
   29687.50000     512.15619      0.00000      0.00000     0.00000
