   1015.10     295.99      16.77
   312.50000     297.59476     15.66282      0.00000     0.00000
   937.50000     300.80389     13.45312      0.00000     0.00000
   1562.50000     304.01300     11.24343      0.00000     0.00000
   2187.50000     307.14708      9.18622      0.00000     0.00000
   2812.50000     310.20613      7.28149      0.00000     0.00000
   3437.50000     313.47015      5.62922      0.00000     0.00000
   4062.50000     316.93914      4.22941      0.00000     0.00000
   4687.50000     319.81060      3.30204      0.00000     0.00000
   5312.50000     322.08455      2.84710      0.00000     0.00000
   5937.50000     324.77595      2.22719      0.00000     0.00000
   6562.50000     327.88481      1.44230      0.00000     0.00000
   7187.50000     330.66365      0.90987      0.00000     0.00000
   7812.50000     333.11246      0.62991      0.00000     0.00000
   8437.50000     335.34874      0.38995      0.00000     0.00000
   9062.50000     337.37250      0.18997      0.00000     0.00000
   9687.50000     339.20124      0.10249      0.00000     0.00000
   10312.50000     340.83494      0.12748      0.00000     0.00000
   10937.50000     342.41861      0.11748      0.00000     0.00000
   11562.50000     343.95224      0.07249      0.00000     0.00000
   12187.50000     345.54583      0.04999      0.00000     0.00000
   12812.50000     347.28894      0.05034      0.00000     0.00000
   13437.50000     349.07057      0.03753      0.00000     0.00000
   14062.50000     350.86377      0.01606      0.00000     0.00000
   14687.50000     352.62934      0.00459      0.00000     0.00000
   15312.50000     354.31555      0.00120      0.00000     0.00000
   15937.50000     355.85976      0.00019      0.00000     0.00000
   16562.50000     357.18980      0.00009      0.00000     0.00000
   17187.50000     358.23680      0.00004      0.00000     0.00000
   17812.50000     358.93674      0.00002      0.00000     0.00000
   18437.50000     359.24882      0.00001      0.00000     0.00000
   19062.50000     359.15302      0.00000      0.00000     0.00000
   19687.50000     358.62774      0.00000      0.00000     0.00000
   20312.50000     359.45340      0.00000      0.00000     0.00000
   20937.50000     357.02792      0.00000      0.00000     0.00000
   21562.50000     354.22665      0.00000      0.00000     0.00000
   22187.50000     351.03151      0.00000      0.00000     0.00000
   22812.50000     347.42375      0.00000      0.00000     0.00000
   23437.50000     343.38388      0.00000      0.00000     0.00000
   24062.50000     338.89168      0.00000      0.00000     0.00000
   24687.50000     333.92616      0.00000      0.00000     0.00000
   25312.50000     328.46554      0.00000      0.00000     0.00000
   25937.50000     322.48724      0.00000      0.00000     0.00000
   26562.50000     315.96780      0.00000      0.00000     0.00000
   27187.50000     308.88292      0.00000      0.00000     0.00000
   27812.50000     315.87194      0.00000      0.00000     0.00000
   28437.50000     324.17368      0.00000      0.00000     0.00000
   29062.50000     332.69361      0.00000      0.00000     0.00000
   29687.50000     341.43746      0.00000      0.00000     0.00000
