   1015.10     295.99      16.77
   312.50000     297.59476     15.66282      0.00000     0.00000
   937.50000     300.80389     13.45312      0.00000     0.00000
   1562.50000     304.01300     11.24343      0.00000     0.00000
   2187.50000     307.14708      9.18622      0.00000     0.00000
   2812.50000     310.20613      7.28149      0.00000     0.00000
   3437.50000     313.47015      5.62922      0.00000     0.00000
   4062.50000     316.93914      4.22941      0.00000     0.00000
   4687.50000     319.81060      3.30204      0.00000     0.00000
   5312.50000     322.08455      2.84710      0.00000     0.00000
   5937.50000     324.77595      2.22719      0.00000     0.00000
   6562.50000     327.88481      1.44230      0.00000     0.00000
   7187.50000     330.66365      0.90987      0.00000     0.00000
   7812.50000     333.11246      0.62991      0.00000     0.00000
   8437.50000     335.34874      0.38995      0.00000     0.00000
   9062.50000     337.37250      0.18997      0.00000     0.00000
   9687.50000     339.20124      0.10249      0.00000     0.00000
   10312.50000     340.83494      0.12748      0.00000     0.00000
   10937.50000     342.41861      0.11748      0.00000     0.00000
   11562.50000     343.95224      0.07249      0.00000     0.00000
   12187.50000     345.54583      0.04999      0.00000     0.00000
   12812.50000     347.28894      0.05034      0.00000     0.00000
   13437.50000     349.07057      0.03753      0.00000     0.00000
   14062.50000     350.86377      0.01606      0.00000     0.00000
   14687.50000     352.62934      0.00459      0.00000     0.00000
   15312.50000     354.31555      0.00120      0.00000     0.00000
   15937.50000     355.85976      0.00019      0.00000     0.00000
   16562.50000     357.18980      0.00009      0.00000     0.00000
   17187.50000     358.23680      0.00004      0.00000     0.00000
   17812.50000     358.93674      0.00002      0.00000     0.00000
   18437.50000     369.03903      0.00002      0.00000     0.00000
   19062.50000     380.09647      0.00002      0.00000     0.00000
   19687.50000     391.37477      0.00002      0.00000     0.00000
   20312.50000     404.90077      0.00002      0.00000     0.00000
   20937.50000     415.54237      0.00003      0.00000     0.00000
   21562.50000     426.46365      0.00003      0.00000     0.00000
   22187.50000     437.67196      0.00003      0.00000     0.00000
   22812.50000     449.17485      0.00003      0.00000     0.00000
   23437.50000     460.98006      0.00004      0.00000     0.00000
   24062.50000     473.09553      0.00004      0.00000     0.00000
   24687.50000     485.52942      0.00004      0.00000     0.00000
   25312.50000     498.29010      0.00005      0.00000     0.00000
   25937.50000     511.38616      0.00005      0.00000     0.00000
   26562.50000     524.82640      0.00006      0.00000     0.00000
   27187.50000     538.61989      0.00006      0.00000     0.00000
   27812.50000     552.77589      0.00007      0.00000     0.00000
   28437.50000     567.30394      0.00008      0.00000     0.00000
   29062.50000     582.21381      0.00008      0.00000     0.00000
   29687.50000     597.51555      0.00009      0.00000     0.00000
